7 7 
4 1 0 0 0 0 0 
1 4 1 0 0 0 0 
0 1 4 1 0 0 0 
0 0 1 4 1 0 0 
0 0 0 1 4 1 0 
0 0 0 0 1 4 1 
0 0 0 0 0 1 4 

7 7 
4 1 0 0 0 0 1 
1 4 1 0 0 0 0 
0 1 4 1 0 0 0 
0 0 1 4 1 0 0 
0 0 0 1 4 1 0 
0 0 0 0 1 4 1 
1 0 0 0 0 1 4 

8 8 
4 1 0 0 0 0 0 0 
1 4 1 0 0 0 0 0 
0 1 4 1 0 0 0 0 
0 0 1 4 1 0 0 0 
0 0 0 1 4 1 0 0 
0 0 0 0 1 4 1 0 
0 0 0 0 0 1 4 1 
0 0 0 0 0 0 1 4 

8 8 
4 1 0 0 0 0 0 1 
1 4 1 0 0 0 0 0 
0 1 4 1 0 0 0 0 
0 0 1 4 1 0 0 0 
0 0 0 1 4 1 0 0 
0 0 0 0 1 4 1 0 
0 0 0 0 0 1 4 1 
1 0 0 0 0 0 1 4 

15 15 
4 1 0 0 0 0 0 0 0 0 0 0 0 0 0 
1 4 1 0 0 0 0 0 0 0 0 0 0 0 0  
0 1 4 1 0 0 0 0 0 0 0 0 0 0 0 
0 0 1 4 1 0 0 0 0 0 0 0 0 0 0 
0 0 0 1 4 1 0 0 0 0 0 0 0 0 0 
0 0 0 0 1 4 1 0 0 0 0 0 0 0 0 
0 0 0 0 0 1 4 1 0 0 0 0 0 0 0 
0 0 0 0 0 0 1 4 1 0 0 0 0 0 0 
0 0 0 0 0 0 0 1 4 1 0 0 0 0 0 
0 0 0 0 0 0 0 0 1 4 1 0 0 0 0 
0 0 0 0 0 0 0 0 0 1 4 1 0 0 0 
0 0 0 0 0 0 0 0 0 0 1 4 1 0 0 
0 0 0 0 0 0 0 0 0 0 0 1 4 1 0 
0 0 0 0 0 0 0 0 0 0 0 0 1 4 1 
0 0 0 0 0 0 0 0 0 0 0 0 0 1 4 

15 15 
4 1 0 0 0 0 0 0 0 0 0 0 0 0 1 
1 4 1 0 0 0 0 0 0 0 0 0 0 0 0  
0 1 4 1 0 0 0 0 0 0 0 0 0 0 0 
0 0 1 4 1 0 0 0 0 0 0 0 0 0 0 
0 0 0 1 4 1 0 0 0 0 0 0 0 0 0 
0 0 0 0 1 4 1 0 0 0 0 0 0 0 0 
0 0 0 0 0 1 4 1 0 0 0 0 0 0 0 
0 0 0 0 0 0 1 4 1 0 0 0 0 0 0 
0 0 0 0 0 0 0 1 4 1 0 0 0 0 0 
0 0 0 0 0 0 0 0 1 4 1 0 0 0 0 
0 0 0 0 0 0 0 0 0 1 4 1 0 0 0 
0 0 0 0 0 0 0 0 0 0 1 4 1 0 0 
0 0 0 0 0 0 0 0 0 0 0 1 4 1 0 
0 0 0 0 0 0 0 0 0 0 0 0 1 4 1 
1 0 0 0 0 0 0 0 0 0 0 0 0 1 4 
