|| 0 4 9 ||
|| 5 7 9 ||
7 || 0 4 9 ||
|| 0 1 3 ||
|| 2 2 3 ||
|| 3 3 3 ||
3 || 0 4 9 ||
|| 5 7 9 ||
|| 8 8 9 ||
|| 9 9 9 ||
9 || 0 4 9 ||
|| 0 1 3 ||
1 || 0 4 9 ||
|| 0 1 3 ||
|| 0 0 0 ||
-100 || 0 4 9 ||
|| 5 7 9 ||
|| 8 8 9 ||
|| 9 9 9 ||
-100 || 0 4 9 ||
|| 5 7 9 ||
|| 5 5 6 ||
|| 6 6 6 ||
6 || 0 4 9 ||
|| 5 7 9 ||
|| 5 5 6 ||
5 || 0 4 9 ||
|| 0 1 3 ||
|| 2 2 3 ||
2 || 0 4 9 ||
|| 0 1 3 ||
|| 0 0 0 ||
0 
|| 0 49 99 ||
|| 0 24 48 ||
|| 0 11 23 ||
11 || 0 49 99 ||
|| 0 24 48 ||
|| 0 11 23 ||
|| 12 17 23 ||
|| 12 14 16 ||
|| 12 12 13 ||
|| 13 13 13 ||
13 || 0 49 99 ||
|| 0 24 48 ||
|| 25 36 48 ||
|| 37 42 48 ||
|| 43 45 48 ||
|| 43 43 44 ||
43 || 0 49 99 ||
|| 0 24 48 ||
|| 25 36 48 ||
|| 25 30 35 ||
|| 31 33 35 ||
|| 31 31 32 ||
|| 32 32 32 ||
32 || 0 49 99 ||
|| 50 74 99 ||
|| 50 61 73 ||
|| 62 67 73 ||
|| 68 70 73 ||
|| 71 72 73 ||
|| 73 73 73 ||
73 || 0 49 99 ||
|| 0 24 48 ||
|| 0 11 23 ||
|| 0 5 10 ||
|| 0 2 4 ||
|| 3 3 4 ||
|| 3 2 2 ||
-100 || 0 49 99 ||
|| 50 74 99 ||
|| 75 87 99 ||
|| 75 80 86 ||
|| 75 77 79 ||
|| 78 78 79 ||
|| 79 79 79 ||
79 || 0 49 99 ||
|| 0 24 48 ||
|| 25 36 48 ||
|| 25 30 35 ||
|| 31 33 35 ||
|| 34 34 35 ||
|| 35 35 35 ||
-100 || 0 49 99 ||
|| 0 24 48 ||
|| 0 11 23 ||
|| 12 17 23 ||
|| 12 14 16 ||
|| 15 15 16 ||
15 || 0 49 99 ||
|| 0 24 48 ||
|| 0 11 23 ||
|| 0 5 10 ||
|| 0 2 4 ||
|| 3 3 4 ||
3 
|| 0 499 999 ||
|| 500 749 999 ||
|| 500 624 748 ||
|| 500 561 623 ||
|| 500 530 560 ||
|| 500 514 529 ||
|| 500 506 513 ||
|| 500 502 505 ||
|| 503 504 505 ||
|| 503 503 503 ||
-100 || 0 499 999 ||
|| 500 749 999 ||
|| 750 874 999 ||
|| 875 937 999 ||
|| 938 968 999 ||
|| 969 984 999 ||
984 || 0 499 999 ||
|| 0 249 498 ||
|| 0 124 248 ||
|| 125 186 248 ||
|| 125 155 185 ||
|| 156 170 185 ||
|| 171 178 185 ||
|| 179 182 185 ||
|| 179 180 181 ||
|| 181 181 181 ||
181 || 0 499 999 ||
|| 500 749 999 ||
|| 500 624 748 ||
|| 500 561 623 ||
|| 562 592 623 ||
|| 562 576 591 ||
|| 562 568 575 ||
|| 569 572 575 ||
|| 573 574 575 ||
|| 575 575 575 ||
575 || 0 499 999 ||
|| 500 749 999 ||
|| 750 874 999 ||
|| 750 811 873 ||
|| 812 842 873 ||
|| 843 858 873 ||
|| 843 850 857 ||
|| 843 846 849 ||
|| 843 844 845 ||
|| 845 845 845 ||
845 || 0 499 999 ||
|| 0 249 498 ||
|| 250 374 498 ||
|| 250 311 373 ||
|| 312 342 373 ||
|| 312 326 341 ||
|| 312 318 325 ||
|| 312 314 317 ||
|| 315 316 317 ||
|| 315 315 315 ||
-100 || 0 499 999 ||
|| 500 749 999 ||
|| 750 874 999 ||
|| 875 937 999 ||
|| 875 905 936 ||
|| 906 921 936 ||
|| 922 929 936 ||
|| 930 933 936 ||
|| 930 931 932 ||
931 || 0 499 999 ||
|| 500 749 999 ||
|| 500 624 748 ||
|| 500 561 623 ||
|| 500 530 560 ||
|| 531 545 560 ||
|| 531 537 544 ||
|| 531 533 536 ||
|| 534 535 536 ||
535 || 0 499 999 ||
|| 500 749 999 ||
|| 500 624 748 ||
|| 625 686 748 ||
|| 687 717 748 ||
|| 687 701 716 ||
|| 702 709 716 ||
|| 702 705 708 ||
|| 706 707 708 ||
|| 706 706 706 ||
706 || 0 499 999 ||
|| 500 749 999 ||
|| 500 624 748 ||
|| 625 686 748 ||
|| 625 655 685 ||
|| 656 670 685 ||
|| 656 662 669 ||
662 
|| 0 4999 9999 ||
|| 0 2499 4998 ||
|| 0 1249 2498 ||
|| 0 624 1248 ||
|| 625 936 1248 ||
|| 937 1092 1248 ||
|| 937 1014 1091 ||
|| 937 975 1013 ||
|| 937 955 974 ||
|| 956 965 974 ||
|| 966 970 974 ||
|| 971 972 974 ||
972 || 0 4999 9999 ||
|| 0 2499 4998 ||
|| 2500 3749 4998 ||
|| 2500 3124 3748 ||
|| 2500 2811 3123 ||
|| 2500 2655 2810 ||
|| 2656 2733 2810 ||
|| 2734 2772 2810 ||
|| 2734 2752 2771 ||
|| 2734 2742 2751 ||
|| 2743 2747 2751 ||
|| 2743 2744 2746 ||
|| 2745 2745 2746 ||
|| 2746 2746 2746 ||
-100 || 0 4999 9999 ||
|| 0 2499 4998 ||
|| 2500 3749 4998 ||
|| 3750 4374 4998 ||
|| 4375 4686 4998 ||
|| 4687 4842 4998 ||
4842 || 0 4999 9999 ||
|| 5000 7499 9999 ||
|| 5000 6249 7498 ||
|| 5000 5624 6248 ||
|| 5000 5311 5623 ||
|| 5312 5467 5623 ||
|| 5312 5389 5466 ||
|| 5390 5428 5466 ||
|| 5429 5447 5466 ||
|| 5429 5437 5446 ||
|| 5438 5442 5446 ||
|| 5443 5444 5446 ||
|| 5445 5445 5446 ||
|| 5446 5446 5446 ||
5446 || 0 4999 9999 ||
|| 5000 7499 9999 ||
|| 7500 8749 9999 ||
|| 7500 8124 8748 ||
|| 7500 7811 8123 ||
|| 7812 7967 8123 ||
|| 7968 8045 8123 ||
|| 8046 8084 8123 ||
|| 8046 8064 8083 ||
|| 8065 8074 8083 ||
|| 8065 8069 8073 ||
|| 8065 8066 8068 ||
|| 8067 8067 8068 ||
8067 || 0 4999 9999 ||
|| 5000 7499 9999 ||
|| 7500 8749 9999 ||
|| 7500 8124 8748 ||
|| 8125 8436 8748 ||
|| 8125 8280 8435 ||
|| 8125 8202 8279 ||
|| 8203 8241 8279 ||
|| 8203 8221 8240 ||
|| 8222 8231 8240 ||
|| 8232 8236 8240 ||
|| 8232 8233 8235 ||
|| 8234 8234 8235 ||
|| 8235 8235 8235 ||
8235 || 0 4999 9999 ||
|| 0 2499 4998 ||
|| 0 1249 2498 ||
|| 0 624 1248 ||
|| 0 311 623 ||
|| 0 155 310 ||
|| 0 77 154 ||
|| 0 38 76 ||
|| 0 18 37 ||
|| 0 8 17 ||
|| 9 13 17 ||
|| 9 10 12 ||
|| 9 9 9 ||
-100 || 0 4999 9999 ||
|| 5000 7499 9999 ||
|| 7500 8749 9999 ||
|| 8750 9374 9999 ||
|| 8750 9061 9373 ||
|| 9062 9217 9373 ||
|| 9062 9139 9216 ||
|| 9062 9100 9138 ||
|| 9101 9119 9138 ||
|| 9101 9109 9118 ||
|| 9110 9114 9118 ||
|| 9115 9116 9118 ||
|| 9117 9117 9118 ||
|| 9118 9118 9118 ||
9118 || 0 4999 9999 ||
|| 0 2499 4998 ||
|| 2500 3749 4998 ||
|| 3750 4374 4998 ||
|| 4375 4686 4998 ||
|| 4375 4530 4685 ||
|| 4531 4608 4685 ||
|| 4609 4647 4685 ||
|| 4648 4666 4685 ||
|| 4667 4676 4685 ||
|| 4667 4671 4675 ||
|| 4672 4673 4675 ||
|| 4674 4674 4675 ||
4674 || 0 4999 9999 ||
|| 0 2499 4998 ||
|| 0 1249 2498 ||
|| 0 624 1248 ||
|| 625 936 1248 ||
|| 625 780 935 ||
|| 625 702 779 ||
|| 625 663 701 ||
|| 664 682 701 ||
|| 664 672 681 ||
|| 673 677 681 ||
|| 678 679 681 ||
|| 678 678 678 ||
678 
|| 0 49999 99999 ||
|| 0 24999 49998 ||
|| 0 12499 24998 ||
|| 12500 18749 24998 ||
|| 12500 15624 18748 ||
|| 15625 17186 18748 ||
|| 15625 16405 17185 ||
|| 16406 16795 17185 ||
|| 16796 16990 17185 ||
|| 16991 17088 17185 ||
|| 16991 17039 17087 ||
|| 17040 17063 17087 ||
|| 17040 17051 17062 ||
|| 17040 17045 17050 ||
|| 17040 17042 17044 ||
|| 17040 17040 17041 ||
|| 17041 17041 17041 ||
-100 || 0 49999 99999 ||
|| 0 24999 49998 ||
|| 0 12499 24998 ||
|| 12500 18749 24998 ||
|| 18750 21874 24998 ||
|| 18750 20311 21873 ||
|| 20312 21092 21873 ||
|| 21093 21483 21873 ||
|| 21093 21287 21482 ||
|| 21093 21189 21286 ||
|| 21093 21140 21188 ||
|| 21141 21164 21188 ||
|| 21141 21152 21163 ||
|| 21153 21158 21163 ||
|| 21153 21155 21157 ||
|| 21153 21153 21154 ||
21153 || 0 49999 99999 ||
|| 50000 74999 99999 ||
|| 75000 87499 99999 ||
|| 75000 81249 87498 ||
|| 81250 84374 87498 ||
|| 84375 85936 87498 ||
|| 84375 85155 85935 ||
|| 85156 85545 85935 ||
|| 85546 85740 85935 ||
|| 85546 85642 85739 ||
|| 85546 85593 85641 ||
|| 85546 85569 85592 ||
|| 85546 85557 85568 ||
|| 85558 85563 85568 ||
|| 85558 85560 85562 ||
|| 85561 85561 85562 ||
|| 85562 85562 85562 ||
85562 || 0 49999 99999 ||
|| 50000 74999 99999 ||
|| 50000 62499 74998 ||
|| 50000 56249 62498 ||
|| 50000 53124 56248 ||
|| 53125 54686 56248 ||
|| 54687 55467 56248 ||
|| 54687 55076 55466 ||
|| 55077 55271 55466 ||
|| 55077 55173 55270 ||
|| 55174 55222 55270 ||
|| 55174 55197 55221 ||
|| 55174 55185 55196 ||
|| 55186 55191 55196 ||
|| 55192 55194 55196 ||
|| 55195 55195 55196 ||
|| 55196 55196 55196 ||
55196 || 0 49999 99999 ||
|| 0 24999 49998 ||
|| 0 12499 24998 ||
|| 12500 18749 24998 ||
|| 12500 15624 18748 ||
|| 15625 17186 18748 ||
|| 15625 16405 17185 ||
|| 15625 16014 16404 ||
|| 16015 16209 16404 ||
|| 16210 16307 16404 ||
|| 16308 16356 16404 ||
|| 16357 16380 16404 ||
|| 16381 16392 16404 ||
|| 16381 16386 16391 ||
|| 16381 16383 16385 ||
16383 || 0 49999 99999 ||
|| 0 24999 49998 ||
|| 25000 37499 49998 ||
|| 25000 31249 37498 ||
|| 31250 34374 37498 ||
|| 34375 35936 37498 ||
|| 35937 36717 37498 ||
|| 36718 37108 37498 ||
|| 36718 36912 37107 ||
|| 36913 37010 37107 ||
|| 37011 37059 37107 ||
|| 37011 37034 37058 ||
|| 37035 37046 37058 ||
|| 37035 37040 37045 ||
|| 37035 37037 37039 ||
|| 37035 37035 37036 ||
|| 37036 37036 37036 ||
37036 || 0 49999 99999 ||
|| 0 24999 49998 ||
|| 0 12499 24998 ||
|| 0 6249 12498 ||
|| 0 3124 6248 ||
|| 0 1561 3123 ||
|| 1562 2342 3123 ||
|| 1562 1951 2341 ||
|| 1562 1756 1950 ||
|| 1757 1853 1950 ||
|| 1854 1902 1950 ||
|| 1903 1926 1950 ||
|| 1903 1914 1925 ||
|| 1903 1908 1913 ||
|| 1909 1911 1913 ||
|| 1912 1912 1913 ||
|| 1913 1913 1913 ||
-100 || 0 49999 99999 ||
|| 50000 74999 99999 ||
|| 75000 87499 99999 ||
|| 75000 81249 87498 ||
|| 81250 84374 87498 ||
|| 84375 85936 87498 ||
|| 84375 85155 85935 ||
|| 85156 85545 85935 ||
|| 85546 85740 85935 ||
|| 85741 85838 85935 ||
|| 85839 85887 85935 ||
|| 85888 85911 85935 ||
|| 85912 85923 85935 ||
|| 85924 85929 85935 ||
|| 85924 85926 85928 ||
|| 85927 85927 85928 ||
|| 85928 85928 85928 ||
85928 || 0 49999 99999 ||
|| 50000 74999 99999 ||
|| 50000 62499 74998 ||
|| 50000 56249 62498 ||
|| 56250 59374 62498 ||
|| 59375 60936 62498 ||
|| 60937 61717 62498 ||
|| 60937 61326 61716 ||
|| 61327 61521 61716 ||
|| 61522 61619 61716 ||
|| 61620 61668 61716 ||
|| 61669 61692 61716 ||
|| 61669 61680 61691 ||
|| 61681 61686 61691 ||
|| 61681 61683 61685 ||
|| 61684 61684 61685 ||
61684 || 0 49999 99999 ||
|| 0 24999 49998 ||
|| 0 12499 24998 ||
|| 0 6249 12498 ||
|| 6250 9374 12498 ||
|| 9375 10936 12498 ||
|| 10937 11717 12498 ||
|| 10937 11326 11716 ||
|| 11327 11521 11716 ||
|| 11327 11423 11520 ||
|| 11424 11472 11520 ||
|| 11424 11447 11471 ||
|| 11424 11435 11446 ||
|| 11436 11441 11446 ||
|| 11442 11444 11446 ||
|| 11445 11445 11446 ||
11445 
