L:
1.000	0.000	0.000	0.000	0.000	
0.091	1.000	0.000	0.000	0.000	
0.182	-0.750	1.000	0.000	0.000	
0.364	-0.583	-0.179	1.000	0.000	
0.636	-0.333	-0.103	-0.048	1.000	

U:
11.000	12.000	13.000	14.000	15.000	
0.000	-1.091	-1.182	-1.273	-1.364	
0.000	0.000	-3.250	-3.500	-3.750	
0.000	0.000	0.000	-6.462	-6.923	
0.000	0.000	0.000	0.000	-10.714	

Restored A:
1.000	0.000	0.000	0.000	0.000	
2.000	3.000	0.000	0.000	0.000	
4.000	5.000	6.000	0.000	0.000	
7.000	8.000	9.000	10.000	0.000	
11.000	12.000	13.000	14.000	15.000	
